[gd_scene load_steps=5 format=2]

[ext_resource path="res://Player.tscn" type="PackedScene" id=1]
[ext_resource path="res://garage.tscn" type="PackedScene" id=2]
[ext_resource path="res://landscape1.tscn" type="PackedScene" id=3]
[ext_resource path="res://grass.glb" type="PackedScene" id=6]

[node name="Main" type="Spatial"]
transform = Transform( 1, 0, 0, 0, 0.999549, 0.0300152, 0, -0.0300152, 0.999549, 0, 0, 0 )

[node name="Player" parent="." instance=ExtResource( 1 )]
transform = Transform( 1, 0, 0, 0, 1, 0, 0, 0, 1, -34.4254, 8.85995, 0.266053 )

[node name="garage" parent="." instance=ExtResource( 2 )]
transform = Transform( 0.65318, -0.103946, -0.229239, 0.10072, 0.692194, -0.0268824, 0.230675, -0.00789993, 0.660853, -48.0038, -1.96513, 13.1487 )

[node name="landscape2" parent="." instance=ExtResource( 3 )]
transform = Transform( 8.12714, 0, 0, 0, 8.12714, 2.5332e-07, 0, -2.5332e-07, 8.12714, -12.3174, -1.14419, 6.21502 )

[node name="Spatial" type="Spatial" parent="."]
transform = Transform( 0.369342, 0.0468228, 0.0100173, -0.0179817, 0.993828, 0.0654528, -0.00595896, -0.0968483, 0.423374, -2.86704, 1.14833, -9.60906 )

[node name="Scatter3D" type="Spatial" parent="Spatial"]
transform = Transform( 1, 0, 0, 0, 1, 0, 0, 0, 1, 0, 0, 1 )

[node name="grass" parent="Spatial/Scatter3D" instance=ExtResource( 6 )]
transform = Transform( -0.249536, -4.65661e-09, 0.968365, 7.45058e-08, 1, -1.86265e-08, -0.968366, -1.19209e-07, -0.249536, -30.5436, -1.16723, 15.3382 )

[node name="grass2" parent="Spatial/Scatter3D" instance=ExtResource( 6 )]
transform = Transform( -0.288773, 0, -0.957398, 0, 1, 0, 0.957398, 0, -0.288773, -3.34134, 1.2719, -10.7827 )

[node name="grass3" parent="Spatial/Scatter3D" instance=ExtResource( 6 )]
transform = Transform( 0.24808, 0, 0.96874, 0, 1, 0, -0.96874, 0, 0.24808, -3.34134, 1.2719, -10.7827 )

[node name="grass4" parent="Spatial/Scatter3D" instance=ExtResource( 6 )]
transform = Transform( 0.370794, 0, -0.928715, 0, 1, 0, 0.928715, 0, 0.370794, -3.34134, 1.2719, -10.7827 )

[node name="grass5" parent="Spatial/Scatter3D" instance=ExtResource( 6 )]
transform = Transform( -0.365702, 0, 0.930732, 0, 1, 0, -0.930732, 0, -0.365702, -3.34134, 1.2719, -10.7827 )

[node name="grass6" parent="Spatial/Scatter3D" instance=ExtResource( 6 )]
transform = Transform( 0.592644, 0, 0.805465, 0, 1, 0, -0.805465, 0, 0.592644, -3.34134, 1.2719, -10.7827 )

[node name="grass7" parent="Spatial/Scatter3D" instance=ExtResource( 6 )]
transform = Transform( -0.156393, 0, 0.987695, 0, 1, 0, -0.987695, 0, -0.156393, -3.34134, 1.2719, -10.7827 )

[node name="grass8" parent="Spatial/Scatter3D" instance=ExtResource( 6 )]
transform = Transform( 0.389063, 0, 0.921211, 0, 1, 0, -0.921211, 0, 0.389063, -3.34134, 1.2719, -10.7827 )

[node name="grass9" parent="Spatial/Scatter3D" instance=ExtResource( 6 )]
transform = Transform( 0.307103, 0, 0.951676, 0, 1, 0, -0.951676, 0, 0.307103, -3.34134, 1.2719, -10.7827 )

[node name="grass10" parent="Spatial/Scatter3D" instance=ExtResource( 6 )]
transform = Transform( -0.910293, 0, -0.413964, 0, 1, 0, 0.413964, 0, -0.910293, 11.5267, 0.579, -1.40632 )

[node name="grass11" parent="Spatial/Scatter3D" instance=ExtResource( 6 )]
transform = Transform( 0.91416, 0, 0.405354, 0, 1, 0, -0.405354, 0, 0.91416, 11.5267, 0.579, -1.40632 )

[node name="grass12" parent="Spatial/Scatter3D" instance=ExtResource( 6 )]
transform = Transform( 0.244587, 0, -0.969627, 0, 1, 0, 0.969627, 0, 0.244587, 11.5267, 0.579, -1.40632 )

[node name="grass13" parent="Spatial/Scatter3D" instance=ExtResource( 6 )]
transform = Transform( -0.999874, 0, 0.0158586, 0, 1, 0, -0.0158586, 0, -0.999874, 11.5267, 0.579, -1.40632 )

[node name="grass14" parent="Spatial/Scatter3D" instance=ExtResource( 6 )]
transform = Transform( -0.930017, 0, -0.367517, 0, 1, 0, 0.367517, 0, -0.930017, 11.5267, 0.579, -1.40632 )

[node name="grass15" parent="Spatial/Scatter3D" instance=ExtResource( 6 )]
transform = Transform( 0.507488, 0, 0.861659, 0, 1, 0, -0.861659, 0, 0.507488, 11.536, 0.578571, -1.37817 )

[node name="grass16" parent="Spatial/Scatter3D" instance=ExtResource( 6 )]
transform = Transform( -0.0550758, 0, -0.998482, 0, 1, 0, 0.998482, 0, -0.0550758, 11.5452, 0.578142, -1.35002 )

[node name="grass17" parent="Spatial/Scatter3D" instance=ExtResource( 6 )]
transform = Transform( -0.534318, 0, -0.845283, 0, 1, 0, 0.845283, 0, -0.534318, 11.6007, 0.575565, -1.18098 )

[node name="grass18" parent="Spatial/Scatter3D" instance=ExtResource( 6 )]
transform = Transform( 0.529667, 0, 0.848205, 0, 1, 0, -0.848205, 0, 0.529667, 11.6377, 0.573845, -1.06819 )

[node name="grass19" parent="Spatial/Scatter3D" instance=ExtResource( 6 )]
transform = Transform( 0.996612, 0, 0.0822486, 0, 1, 0, -0.0822486, 0, 0.996612, 11.7118, 0.570403, -0.842395 )

[node name="grass20" parent="Spatial/Scatter3D" instance=ExtResource( 6 )]
transform = Transform( -0.220848, 0, 0.975308, 0, 1, 0, -0.975308, 0, -0.220848, 11.7499, 0.582631, -0.600164 )

[node name="grass21" parent="Spatial/Scatter3D" instance=ExtResource( 6 )]
transform = Transform( -0.669561, 0, -0.742757, 0, 1, 0, 0.742757, 0, -0.669561, 11.751, 0.596664, -0.470178 )

[node name="grass22" parent="Spatial/Scatter3D" instance=ExtResource( 6 )]
transform = Transform( 0.843558, 0, 0.537037, 0, 1, 0, -0.537037, 0, 0.843558, 11.7614, 0.61035, -0.310866 )

[node name="grass23" parent="Spatial/Scatter3D" instance=ExtResource( 6 )]
transform = Transform( 0.865088, 0, 0.50162, 0, 1, 0, -0.50162, 0, 0.865088, 11.7614, 0.61035, -0.310866 )

[node name="grass24" parent="Spatial/Scatter3D" instance=ExtResource( 6 )]
transform = Transform( 0.793871, 0, -0.608086, 0, 1, 0, 0.608086, 0, 0.793871, 11.7614, 0.61035, -0.310866 )

[node name="grass25" parent="Spatial/Scatter3D" instance=ExtResource( 6 )]
transform = Transform( 0.695619, 0, -0.718411, 0, 1, 0, 0.718411, 0, 0.695619, 11.7614, 0.61035, -0.310866 )

[node name="grass26" parent="Spatial/Scatter3D" instance=ExtResource( 6 )]
transform = Transform( 0.907917, 0, 0.41915, 0, 1, 0, -0.41915, 0, 0.907917, 11.7614, 0.61035, -0.310866 )

[node name="grass27" parent="Spatial/Scatter3D" instance=ExtResource( 6 )]
transform = Transform( -0.84402, 0, -0.536311, 0, 1, 0, 0.536311, 0, -0.84402, 11.7614, 0.61035, -0.310866 )

[node name="grass28" parent="Spatial/Scatter3D" instance=ExtResource( 6 )]
transform = Transform( 0.679854, 0, -0.733347, 0, 1, 0, 0.733347, 0, 0.679854, 11.7614, 0.61035, -0.310866 )

[node name="grass29" parent="Spatial/Scatter3D" instance=ExtResource( 6 )]
transform = Transform( -0.653427, 0, 0.75699, 0, 1, 0, -0.75699, 0, -0.653427, 11.7614, 0.61035, -0.310866 )

[node name="grass30" parent="Spatial/Scatter3D" instance=ExtResource( 6 )]
transform = Transform( -0.5831, 0, 0.8124, 0, 1, 0, -0.8124, 0, -0.5831, 11.7614, 0.61035, -0.310866 )

[node name="grass31" parent="Spatial/Scatter3D" instance=ExtResource( 6 )]
transform = Transform( 0.963104, 0, 0.269128, 0, 1, 0, -0.269128, 0, 0.963104, 11.7614, 0.61035, -0.310866 )

[node name="grass32" parent="Spatial/Scatter3D" instance=ExtResource( 6 )]
transform = Transform( 0.980368, 0, 0.197177, 0, 1, 0, -0.197177, 0, 0.980368, 12.3866, 0.744023, 3.05996 )

[node name="grass33" parent="Spatial/Scatter3D" instance=ExtResource( 6 )]
transform = Transform( 0.443273, 0, -0.896387, 0, 1, 0, 0.896387, 0, 0.443273, 12.2747, 0.779713, 2.99365 )

[node name="grass34" parent="Spatial/Scatter3D" instance=ExtResource( 6 )]
transform = Transform( 0.581815, 0, -0.813321, 0, 1, 0, 0.813321, 0, 0.581815, 12.1068, 0.849606, 3.0416 )

[node name="grass35" parent="Spatial/Scatter3D" instance=ExtResource( 6 )]
transform = Transform( -0.462195, 0, -0.886778, 0, 1, 0, 0.886778, 0, -0.462195, 11.9935, 0.902393, 3.12435 )

[node name="grass36" parent="Spatial/Scatter3D" instance=ExtResource( 6 )]
transform = Transform( 0.778327, 0, -0.62786, 0, 1, 0, 0.62786, 0, 0.778327, 11.9553, 0.920187, 3.15224 )

[node name="grass37" parent="Spatial/Scatter3D" instance=ExtResource( 6 )]
transform = Transform( -0.958657, 0, -0.284564, 0, 1, 0, 0.284564, 0, -0.958657, 11.8884, 0.955646, 3.2395 )

[node name="grass38" parent="Spatial/Scatter3D" instance=ExtResource( 6 )]
transform = Transform( 0.852908, 0, 0.522062, 0, 1, 0, -0.522062, 0, 0.852908, 11.7634, 1.04417, 3.60381 )

[node name="grass39" parent="Spatial/Scatter3D" instance=ExtResource( 6 )]
transform = Transform( -0.716223, 0, 0.697872, 0, 1, 0, -0.697872, 0, -0.716223, 11.6525, 1.15012, 4.53501 )

[node name="grass40" parent="Spatial/Scatter3D" instance=ExtResource( 6 )]
transform = Transform( -0.878409, 0, -0.47791, 0, 1, 0, 0.47791, 0, -0.878409, 11.7152, 1.1385, 4.81392 )

[node name="grass41" parent="Spatial/Scatter3D" instance=ExtResource( 6 )]
transform = Transform( 0.782382, 0, -0.622798, 0, 1, 0, 0.622798, 0, 0.782382, 11.8416, 1.11507, 5.376 )

[node name="grass42" parent="Spatial/Scatter3D" instance=ExtResource( 6 )]
transform = Transform( 0.567605, 0, 0.823301, 0, 1, 0, -0.823301, 0, 0.567605, 12.2078, 0.886647, 3.72526 )

[node name="grass43" parent="Spatial/Scatter3D" instance=ExtResource( 6 )]
transform = Transform( 0.518504, 0, -0.855075, 0, 1, 0, 0.855075, 0, 0.518504, 11.3933, 1.12268, 3.02846 )

[node name="grass44" parent="Spatial/Scatter3D" instance=ExtResource( 6 )]
transform = Transform( -0.950524, 0, 0.310653, 0, 1, 0, -0.310653, 0, -0.950524, 11.1876, 1.16573, 2.7031 )

[node name="grass45" parent="Spatial/Scatter3D" instance=ExtResource( 6 )]
transform = Transform( -0.776171, 0, 0.630523, 0, 1, 0, -0.630523, 0, -0.776171, 10.7679, 1.17746, 1.35434 )

[node name="grass46" parent="Spatial/Scatter3D" instance=ExtResource( 6 )]
transform = Transform( 0.824565, 0, 0.565767, 0, 1, 0, -0.565767, 0, 0.824565, 10.6775, 1.12599, 0.577382 )

[node name="grass47" parent="Spatial/Scatter3D" instance=ExtResource( 6 )]
transform = Transform( -0.543047, 0, 0.839702, 0, 1, 0, -0.839702, 0, -0.543047, 10.8196, 1.03481, 0.248593 )

[node name="grass48" parent="Spatial/Scatter3D" instance=ExtResource( 6 )]
transform = Transform( 0.829613, 0, 0.558339, 0, 1, 0, -0.558339, 0, 0.829613, 11.1959, 0.834596, -0.250831 )

[node name="grass49" parent="Spatial/Scatter3D" instance=ExtResource( 6 )]
transform = Transform( -0.999722, 0, -0.0235881, 0, 1, 0, 0.0235881, 0, -0.999722, 11.6313, 0.651832, -0.38804 )

[node name="grass50" parent="Spatial/Scatter3D" instance=ExtResource( 6 )]
transform = Transform( 0.675079, 0, 0.737745, 0, 1, 0, -0.737745, 0, 0.675079, 12.3412, 0.897339, 4.56039 )

[node name="grass51" parent="Spatial/Scatter3D" instance=ExtResource( 6 )]
transform = Transform( 0.990746, 0, 0.135726, 0, 1, 0, -0.135726, 0, 0.990746, 12.198, 0.946394, 4.49634 )

[node name="grass52" parent="Spatial/Scatter3D" instance=ExtResource( 6 )]
transform = Transform( -0.978932, 0, -0.204185, 0, 1, 0, 0.204185, 0, -0.978932, 12.1083, 0.972018, 4.31388 )

[node name="grass53" parent="Spatial/Scatter3D" instance=ExtResource( 6 )]
transform = Transform( -0.862421, 0, -0.506191, 0, 1, 0, 0.506191, 0, -0.862421, 12.0593, 0.970499, 3.9658 )

[node name="grass54" parent="Spatial/Scatter3D" instance=ExtResource( 6 )]
transform = Transform( -0.840335, 0, -0.542067, 0, 1, 0, 0.542067, 0, -0.840335, 12.0524, 0.933482, 3.60843 )

[node name="grass55" parent="Spatial/Scatter3D" instance=ExtResource( 6 )]
transform = Transform( -0.91357, 0, -0.406682, 0, 1, 0, 0.406682, 0, -0.91357, 12.1184, 0.872408, 3.28697 )

[node name="grass56" parent="Spatial/Scatter3D" instance=ExtResource( 6 )]
transform = Transform( 0.996935, 0, -0.0782393, 0, 1, 0, 0.0782393, 0, 0.996935, 12.2784, 0.756395, 2.79667 )

[node name="grass57" parent="Spatial/Scatter3D" instance=ExtResource( 6 )]
transform = Transform( 0.965847, 0, -0.259112, 0, 1, 0, 0.259112, 0, 0.965847, 12.2461, 0.786418, 2.95492 )

[node name="grass58" parent="Spatial/Scatter3D" instance=ExtResource( 6 )]
transform = Transform( 0.967548, 0, 0.252688, 0, 1, 0, -0.252688, 0, 0.967548, 11.73, 0.991205, 3.01104 )

[node name="grass59" parent="Spatial/Scatter3D" instance=ExtResource( 6 )]
transform = Transform( -0.0908335, 0, -0.995866, 0, 1, 0, 0.995866, 0, -0.0908335, 11.5697, 1.03929, 2.88868 )

[node name="grass60" parent="Spatial/Scatter3D" instance=ExtResource( 6 )]
transform = Transform( -0.513352, 0, 0.858178, 0, 1, 0, -0.858178, 0, -0.513352, 11.453, 1.05797, 2.65229 )

[node name="grass61" parent="Spatial/Scatter3D" instance=ExtResource( 6 )]
transform = Transform( 0.493976, 0, 0.869475, 0, 1, 0, -0.869475, 0, 0.493976, 11.3603, 1.04366, 2.20206 )

[node name="grass62" parent="Spatial/Scatter3D" instance=ExtResource( 6 )]
transform = Transform( 0.660132, 0, -0.75115, 0, 1, 0, 0.75115, 0, 0.660132, 11.3128, 0.999474, 1.63972 )

[node name="grass63" parent="Spatial/Scatter3D" instance=ExtResource( 6 )]
transform = Transform( 0.657797, 0, 0.753195, 0, 1, 0, -0.753195, 0, 0.657797, 11.4626, 0.876583, 1.05185 )

[node name="grass64" parent="Spatial/Scatter3D" instance=ExtResource( 6 )]
transform = Transform( 0.0405908, 0, -0.999176, 0, 1, 0, 0.999176, 0, 0.0405908, 11.5073, 0.847362, 0.943657 )

[node name="grass65" parent="Spatial/Scatter3D" instance=ExtResource( 6 )]
transform = Transform( -0.952998, 0, 0.302977, 0, 1, 0, -0.302977, 0, -0.952998, 11.7548, 0.742976, 0.861137 )

[node name="grass66" parent="Spatial/Scatter3D" instance=ExtResource( 6 )]
transform = Transform( -0.516144, 0, -0.856502, 0, 1, 0, 0.856502, 0, -0.516144, 12.1781, 0.881907, 3.57931 )

[node name="grass67" parent="Spatial/Scatter3D" instance=ExtResource( 6 )]
transform = Transform( -0.8787, 0, 0.477374, 0, 1, 0, -0.477374, 0, -0.8787, 11.8111, 1.00387, 3.4062 )

[node name="grass68" parent="Spatial/Scatter3D" instance=ExtResource( 6 )]
transform = Transform( -0.413904, 0, -0.910321, 0, 1, 0, 0.910321, 0, -0.413904, 11.6106, 1.04562, 3.08753 )

[node name="grass69" parent="Spatial/Scatter3D" instance=ExtResource( 6 )]
transform = Transform( -0.84098, 0, 0.541066, 0, 1, 0, -0.541066, 0, -0.84098, 11.4221, 1.0532, 2.50237 )

[node name="grass70" parent="Spatial/Scatter3D" instance=ExtResource( 6 )]
transform = Transform( 0.972394, 0, -0.233344, 0, 1, 0, 0.233344, 0, 0.972394, 11.3912, 1.04843, 2.35229 )

[node name="grass71" parent="Spatial/Scatter3D" instance=ExtResource( 6 )]
transform = Transform( -0.919021, 0, -0.394209, 0, 1, 0, 0.394209, 0, -0.919021, 11.5849, 0.895836, 1.64923 )

[node name="grass72" parent="Spatial/Scatter3D" instance=ExtResource( 6 )]
transform = Transform( 0.835873, 0, 0.548922, 0, 1, 0, -0.548922, 0, 0.835873, 11.7478, 0.813411, 1.47118 )

[node name="grass73" parent="Spatial/Scatter3D" instance=ExtResource( 6 )]
transform = Transform( -0.105345, 0, 0.994436, 0, 1, 0, -0.994436, 0, -0.105345, 12.064, 0.686482, 1.42386 )

[node name="grass74" parent="Spatial/Scatter3D" instance=ExtResource( 6 )]
transform = Transform( 0.914931, 0, -0.40361, 0, 1, 0, 0.40361, 0, 0.914931, 12.3431, 0.925695, 5.02178 )

[node name="grass75" parent="Spatial/Scatter3D" instance=ExtResource( 6 )]
transform = Transform( -0.950362, 0, -0.311148, 0, 1, 0, 0.311148, 0, -0.950362, 12.0856, 0.995753, 4.68172 )

[node name="grass76" parent="Spatial/Scatter3D" instance=ExtResource( 6 )]
transform = Transform( 0.376276, 0, 0.926508, 0, 1, 0, -0.926508, 0, 0.376276, 11.9707, 1.02236, 4.29787 )

[node name="grass77" parent="Spatial/Scatter3D" instance=ExtResource( 6 )]
transform = Transform( -0.747093, 0, -0.664719, 0, 1, 0, 0.664719, 0, -0.747093, 11.8953, 0.98081, 3.49037 )

[node name="grass78" parent="Spatial/Scatter3D" instance=ExtResource( 6 )]
transform = Transform( -0.731303, 0, -0.682053, 0, 1, 0, 0.682053, 0, -0.731303, 12.1303, 0.732464, 2.06783 )

[node name="grass79" parent="Spatial/Scatter3D" instance=ExtResource( 6 )]
transform = Transform( -0.218752, 0, 0.975781, 0, 1, 0, -0.975781, 0, -0.218752, 12.2769, 0.650989, 1.84183 )

[node name="grass80" parent="Spatial/Scatter3D" instance=ExtResource( 6 )]
transform = Transform( 0.599588, 0, -0.800309, 0, 1, 0, 0.800309, 0, 0.599588, 11.5738, 1.30485, 7.2245 )

[node name="grass81" parent="Spatial/Scatter3D" instance=ExtResource( 6 )]
transform = Transform( -0.961638, 0, -0.274321, 0, 1, 0, 0.274321, 0, -0.961638, 10.9939, 1.48981, 6.83092 )

[node name="grass82" parent="Spatial/Scatter3D" instance=ExtResource( 6 )]
transform = Transform( -0.463448, 0, 0.886124, 0, 1, 0, -0.886124, 0, -0.463448, 10.6926, 1.57577, 6.21478 )

[node name="grass83" parent="Spatial/Scatter3D" instance=ExtResource( 6 )]
transform = Transform( 0.0293359, 0, 0.99957, 0, 1, 0, -0.99957, 0, 0.0293359, 10.561, 1.60556, 5.75897 )

[node name="grass84" parent="Spatial/Scatter3D" instance=ExtResource( 6 )]
transform = Transform( -0.0140265, 0, 0.999902, 0, 1, 0, -0.999902, 0, -0.0140265, 10.4538, 1.58249, 4.25204 )

[node name="grass85" parent="Spatial/Scatter3D" instance=ExtResource( 6 )]
transform = Transform( 0.859359, 0, -0.511373, 0, 1, 0, 0.511373, 0, 0.859359, 10.6571, 1.42866, 3.2329 )

[node name="grass86" parent="Spatial/Scatter3D" instance=ExtResource( 6 )]
transform = Transform( 0.633516, 0, -0.773729, 0, 1, 0, 0.773729, 0, 0.633516, 11.0365, 1.18031, 2.31101 )

[node name="grass87" parent="Spatial/Scatter3D" instance=ExtResource( 6 )]
transform = Transform( 0.656456, 0, -0.754365, 0, 1, 0, 0.754365, 0, 0.656456, 11.1503, 1.12271, 2.18637 )

[node name="grass88" parent="Spatial/Scatter3D" instance=ExtResource( 6 )]
transform = Transform( 0.939519, 0, 0.342496, 0, 1, 0, -0.342496, 0, 0.939519, 11.5812, 0.931549, 1.9578 )

[node name="grass89" parent="Spatial/Scatter3D" instance=ExtResource( 6 )]
transform = Transform( 0.202782, 0, -0.979224, 0, 1, 0, 0.979224, 0, 0.202782, 11.8384, 0.827828, 1.91493 )

[node name="grass90" parent="Spatial/Scatter3D" instance=ExtResource( 6 )]
transform = Transform( 0.993309, 0, -0.115484, 0, 1, 0, 0.115484, 0, 0.993309, 12.2446, 0.6807, 1.99771 )

[node name="grass91" parent="Spatial/Scatter3D" instance=ExtResource( 6 )]
transform = Transform( -0.468571, 0, 0.883426, 0, 1, 0, -0.883426, 0, -0.468571, 11.9801, 1.06898, 5.49364 )

[node name="grass92" parent="Spatial/Scatter3D" instance=ExtResource( 6 )]
transform = Transform( -0.461908, 0, 0.886928, 0, 1, 0, -0.886928, 0, -0.461908, 11.8822, 1.09525, 5.26074 )

[node name="grass93" parent="Spatial/Scatter3D" instance=ExtResource( 6 )]
transform = Transform( -0.14611, 0, 0.989268, 0, 1, 0, -0.989268, 0, -0.14611, 11.8451, 1.09635, 4.95691 )

[node name="grass94" parent="Spatial/Scatter3D" instance=ExtResource( 6 )]
transform = Transform( 0.290403, 0, -0.956905, 0, 1, 0, 0.956905, 0, 0.290403, 11.9645, 1.02254, 4.24764 )

[node name="grass95" parent="Spatial/Scatter3D" instance=ExtResource( 6 )]
transform = Transform( 0.951839, 0, -0.306598, 0, 1, 0, 0.306598, 0, 0.951839, 12.2008, 0.849969, 3.37048 )

[node name="grass96" parent="Spatial/Scatter3D" instance=ExtResource( 6 )]
transform = Transform( 0.921042, 0, 0.389463, 0, 1, 0, -0.389463, 0, 0.921042, 12.367, 0.770695, 3.23223 )

[node name="grass97" parent="Spatial/Scatter3D" instance=ExtResource( 6 )]
transform = Transform( -0.979246, 0, 0.202677, 0, 1, 0, -0.202677, 0, -0.979246, 12.3232, 0.693488, 2.3852 )

[node name="grass98" parent="Spatial/Scatter3D" instance=ExtResource( 6 )]
transform = Transform( -0.466293, 0, 0.88463, 0, 1, 0, -0.88463, 0, -0.466293, 12.1907, 0.998966, 5.4291 )

[node name="grass99" parent="Spatial/Scatter3D" instance=ExtResource( 6 )]
transform = Transform( 0.469105, 0, -0.883142, 0, 1, 0, 0.883142, 0, 0.469105, 12.1162, 0.994836, 4.93234 )

[node name="grass100" parent="Spatial/Scatter3D" instance=ExtResource( 6 )]
transform = Transform( 0.958598, 0, 0.284763, 0, 1, 0, -0.284763, 0, 0.958598, 12.0734, 0.996119, 4.58149 )

[node name="grass101" parent="Spatial/Scatter3D" instance=ExtResource( 6 )]
transform = Transform( -0.673005, 0, 0.739638, 0, 1, 0, -0.739638, 0, -0.673005, 12.1083, 0.972018, 4.31388 )

[node name="grass102" parent="Spatial/Scatter3D" instance=ExtResource( 6 )]
transform = Transform( 0.988554, 0, -0.150867, 0, 1, 0, 0.150867, 0, 0.988554, 12.1675, 0.94731, 4.24705 )

[node name="grass103" parent="Spatial/Scatter3D" instance=ExtResource( 6 )]
transform = Transform( -0.924977, 0, 0.380023, 0, 1, 0, -0.380023, 0, -0.924977, 12.2971, 0.897895, 4.21359 )

[node name="grass104" parent="Spatial/Scatter3D" instance=ExtResource( 6 )]
transform = Transform( 0.0168052, 0, -0.999859, 0, 1, 0, 0.999859, 0, 0.0168052, 11.8242, 1.20391, 6.86572 )

[node name="grass105" parent="Spatial/Scatter3D" instance=ExtResource( 6 )]
transform = Transform( 0.557061, 0, -0.830472, 0, 1, 0, 0.830472, 0, 0.557061, 11.4057, 1.30217, 5.98978 )

[node name="grass106" parent="Spatial/Scatter3D" instance=ExtResource( 6 )]
transform = Transform( 0.445916, 0, 0.895075, 0, 1, 0, -0.895075, 0, 0.445916, 11.2859, 1.30564, 5.00757 )

[node name="grass107" parent="Spatial/Scatter3D" instance=ExtResource( 6 )]
transform = Transform( -0.944066, 0, 0.329757, 0, 1, 0, -0.329757, 0, -0.944066, 11.3685, 1.22995, 3.92472 )

[node name="grass108" parent="Spatial/Scatter3D" instance=ExtResource( 6 )]
transform = Transform( 0.908296, 0, -0.418328, 0, 1, 0, 0.418328, 0, 0.908296, 11.4553, 1.13216, 3.32856 )

[node name="grass109" parent="Spatial/Scatter3D" instance=ExtResource( 6 )]
transform = Transform( 0.976388, 0, 0.216025, 0, 1, 0, -0.216025, 0, 0.976388, 11.6209, 1.04721, 3.1372 )

[node name="grass110" parent="Spatial/Scatter3D" instance=ExtResource( 6 )]
transform = Transform( -0.44259, 0, 0.896724, 0, 1, 0, -0.896724, 0, -0.44259, 11.7402, 0.99279, 3.0605 )

[node name="grass111" parent="Spatial/Scatter3D" instance=ExtResource( 6 )]
transform = Transform( -0.378729, 0, 0.925508, 0, 1, 0, -0.925508, 0, -0.378729, 12.0785, 0.866065, 3.09175 )

[node name="grass112" parent="Spatial/Scatter3D" instance=ExtResource( 6 )]
transform = Transform( 0.914349, 0, -0.404928, 0, 1, 0, 0.404928, 0, 0.914349, 12.4284, 0.745565, 3.21871 )

[node name="grass113" parent="Spatial/Scatter3D" instance=ExtResource( 6 )]
transform = Transform( 0.999999, 0, -0.00156823, 0, 1, 0, 0.00156823, 0, 0.999999, 11.9699, 1.21515, 7.77181 )

[node name="grass114" parent="Spatial/Scatter3D" instance=ExtResource( 6 )]
transform = Transform( 0.149752, 0, -0.988724, 0, 1, 0, 0.988724, 0, 0.149752, 11.7608, 1.2588, 7.42389 )

[node name="grass115" parent="Spatial/Scatter3D" instance=ExtResource( 6 )]
transform = Transform( 0.932818, 0, 0.360348, 0, 1, 0, -0.360348, 0, 0.932818, 11.5571, 1.27331, 6.63855 )

[node name="grass116" parent="Spatial/Scatter3D" instance=ExtResource( 6 )]
transform = Transform( 0.998346, 0, -0.0574923, 0, 1, 0, 0.0574923, 0, 0.998346, 11.5002, 1.27485, 6.17426 )

[node name="grass117" parent="Spatial/Scatter3D" instance=ExtResource( 6 )]
transform = Transform( 0.336043, 0, -0.941847, 0, 1, 0, 0.941847, 0, 0.336043, 11.5377, 1.24931, 5.89471 )

[node name="grass118" parent="Spatial/Scatter3D" instance=ExtResource( 6 )]
transform = Transform( 0.871371, 0, -0.490624, 0, 1, 0, 0.490624, 0, 0.871371, 11.6063, 1.223, 5.87321 )

[node name="grass119" parent="Spatial/Scatter3D" instance=ExtResource( 6 )]
transform = Transform( -0.527605, 0, -0.84949, 0, 1, 0, 0.84949, 0, -0.527605, 11.6063, 1.223, 5.87321 )

[node name="grass120" parent="Spatial/Scatter3D" instance=ExtResource( 6 )]
transform = Transform( -0.374764, 0, -0.92712, 0, 1, 0, 0.92712, 0, -0.374764, 11.81, 1.14486, 5.80933 )

[node name="grass121" parent="Spatial/Scatter3D" instance=ExtResource( 6 )]
transform = Transform( -0.833485, 0, 0.552543, 0, 1, 0, -0.552543, 0, -0.833485, 12.036, 1.07337, 5.84271 )

[node name="grass122" parent="Spatial/Scatter3D" instance=ExtResource( 6 )]
transform = Transform( -0.806198, 0, 0.591645, 0, 1, 0, -0.591645, 0, -0.806198, 12.3578, 0.578178, 1.46653 )

[node name="grass123" parent="Spatial/Scatter3D" instance=ExtResource( 6 )]
transform = Transform( 0.0523248, 0, -0.99863, 0, 1, 0, 0.99863, 0, 0.0523248, 12.1152, 0.625147, 1.04868 )

[node name="grass124" parent="Spatial/Scatter3D" instance=ExtResource( 6 )]
transform = Transform( -0.271621, 0, -0.962404, 0, 1, 0, 0.962404, 0, -0.271621, 11.9552, 0.647719, 0.697668 )

[node name="grass125" parent="Spatial/Scatter3D" instance=ExtResource( 6 )]
transform = Transform( -0.999968, 0, -0.00795371, 0, 1, 0, 0.00795371, 0, -0.999968, 11.8312, 0.665222, 0.425503 )

[node name="grass126" parent="Spatial/Scatter3D" instance=ExtResource( 6 )]
transform = Transform( 0.461662, 0, -0.887056, 0, 1, 0, 0.887056, 0, 0.461662, 11.7897, 0.658439, 0.220434 )

[node name="grass127" parent="Spatial/Scatter3D" instance=ExtResource( 6 )]
transform = Transform( 0.937074, 0, -0.349132, 0, 1, 0, 0.349132, 0, 0.937074, 11.8064, 0.618399, -0.0821623 )

[node name="grass128" parent="Spatial/Scatter3D" instance=ExtResource( 6 )]
transform = Transform( 0.652093, 0, 0.758139, 0, 1, 0, -0.758139, 0, 0.652093, 11.9041, 0.554914, -0.315485 )

[node name="grass129" parent="Spatial/Scatter3D" instance=ExtResource( 6 )]
transform = Transform( 0.99986, 0, 0.0167236, 0, 1, 0, -0.0167236, 0, 0.99986, 12.1606, 0.670008, 1.61004 )

[node name="grass130" parent="Spatial/Scatter3D" instance=ExtResource( 6 )]
transform = Transform( -0.912266, 0, 0.409598, 0, 1, 0, -0.409598, 0, -0.912266, 11.7867, 0.800576, 1.49042 )

[node name="grass131" parent="Spatial/Scatter3D" instance=ExtResource( 6 )]
transform = Transform( -0.501234, 0, -0.865312, 0, 1, 0, 0.865312, 0, -0.501234, 11.5707, 0.870327, 1.37018 )

[node name="grass132" parent="Spatial/Scatter3D" instance=ExtResource( 6 )]
transform = Transform( 0.752915, 0, 0.658117, 0, 1, 0, -0.658117, 0, 0.752915, 11.438, 0.915408, 1.31619 )

[node name="grass133" parent="Spatial/Scatter3D" instance=ExtResource( 6 )]
transform = Transform( 0.625785, 0, -0.779996, 0, 1, 0, 0.779996, 0, 0.625785, 11.3533, 0.940532, 1.24914 )

[node name="grass134" parent="Spatial/Scatter3D" instance=ExtResource( 6 )]
transform = Transform( 0.018461, 0, -0.99983, 0, 1, 0, 0.99983, 0, 0.018461, 11.3046, 0.960697, 1.26196 )

[node name="grass135" parent="Spatial/Scatter3D" instance=ExtResource( 6 )]
transform = Transform( -0.579039, 0, -0.8153, 0, 1, 0, 0.8153, 0, -0.579039, 11.2866, 0.963202, 1.22195 )

[node name="grass136" parent="Spatial/Scatter3D" instance=ExtResource( 6 )]
transform = Transform( -0.990472, 0, 0.137717, 0, 1, 0, -0.137717, 0, -0.990472, 11.2866, 0.963202, 1.22195 )

[node name="grass137" parent="Spatial/Scatter3D" instance=ExtResource( 6 )]
transform = Transform( -0.524221, 0, 0.851582, 0, 1, 0, -0.851582, 0, -0.524221, 11.2866, 0.963202, 1.22195 )

[node name="grass138" parent="Spatial/Scatter3D" instance=ExtResource( 6 )]
transform = Transform( -0.649415, 0, -0.760434, 0, 1, 0, 0.760434, 0, -0.649415, 11.2866, 0.963202, 1.22195 )

[node name="grass139" parent="Spatial/Scatter3D" instance=ExtResource( 6 )]
transform = Transform( 0.847472, 0, -0.53084, 0, 1, 0, 0.53084, 0, 0.847472, 11.2866, 0.963202, 1.22195 )

[node name="grass140" parent="Spatial/Scatter3D" instance=ExtResource( 6 )]
transform = Transform( -0.979348, 0, 0.202182, 0, 1, 0, -0.202182, 0, -0.979348, 11.2866, 0.963202, 1.22195 )

[node name="grass141" parent="Spatial/Scatter3D" instance=ExtResource( 6 )]
transform = Transform( -0.851071, 0, 0.525051, 0, 1, 0, -0.525051, 0, -0.851071, 11.2738, 0.978415, 1.31489 )

[node name="grass142" parent="Spatial/Scatter3D" instance=ExtResource( 6 )]
transform = Transform( -0.948914, 0, 0.315534, 0, 1, 0, -0.315534, 0, -0.948914, 11.2043, 1.04232, 1.6495 )

[node name="grass143" parent="Spatial/Scatter3D" instance=ExtResource( 6 )]
transform = Transform( -0.393457, 0, -0.919343, 0, 1, 0, 0.919343, 0, -0.393457, 11.1887, 1.09957, 2.11115 )

[node name="grass144" parent="Spatial/Scatter3D" instance=ExtResource( 6 )]
transform = Transform( 0.75038, 0, -0.661007, 0, 1, 0, 0.661007, 0, 0.75038, 11.2151, 1.16604, 2.8015 )

[node name="grass145" parent="Spatial/Scatter3D" instance=ExtResource( 6 )]
transform = Transform( -0.713881, 0, 0.700267, 0, 1, 0, -0.700267, 0, -0.713881, 11.5294, 1.17496, 4.03639 )

[node name="grass146" parent="Spatial/Scatter3D" instance=ExtResource( 6 )]
transform = Transform( -0.604954, 0, 0.79626, 0, 1, 0, -0.79626, 0, -0.604954, 11.6861, 1.14696, 4.75807 )

[node name="grass147" parent="Spatial/Scatter3D" instance=ExtResource( 6 )]
transform = Transform( 0.900464, 0, 0.434931, 0, 1, 0, -0.434931, 0, 0.900464, 11.7654, 1.13279, 5.12356 )

[node name="grass148" parent="Spatial/Scatter3D" instance=ExtResource( 6 )]
transform = Transform( -0.838418, 0, 0.545029, 0, 1, 0, -0.545029, 0, -0.838418, 11.9487, 1.0857, 5.60322 )

[node name="grass149" parent="Spatial/Scatter3D" instance=ExtResource( 6 )]
transform = Transform( -0.793176, 0, -0.608992, 0, 1, 0, 0.608992, 0, -0.793176, 12.0599, 1.0672, 5.86356 )

[node name="grass150" parent="Spatial/Scatter3D" instance=ExtResource( 6 )]
transform = Transform( -0.673451, 0, -0.739232, 0, 1, 0, 0.739232, 0, -0.673451, 12.1157, 1.05793, 5.99402 )

[node name="grass151" parent="Spatial/Scatter3D" instance=ExtResource( 6 )]
transform = Transform( 0.875949, 0, -0.482404, 0, 1, 0, 0.482404, 0, 0.875949, 12.1343, 1.05484, 6.03755 )

[node name="grass152" parent="Spatial/Scatter3D" instance=ExtResource( 6 )]
transform = Transform( 0.560694, 0, -0.828023, 0, 1, 0, 0.828023, 0, 0.560694, 12.1343, 1.05484, 6.03755 )

[node name="grass153" parent="Spatial/Scatter3D" instance=ExtResource( 6 )]
transform = Transform( -0.792735, 0, 0.609567, 0, 1, 0, -0.609567, 0, -0.792735, 12.1343, 1.05484, 6.03755 )

[node name="grass154" parent="Spatial/Scatter3D" instance=ExtResource( 6 )]
transform = Transform( 0.351557, 0, -0.936167, 0, 1, 0, 0.936167, 0, 0.351557, 12.1343, 1.05484, 6.03755 )

[node name="grass155" parent="Spatial/Scatter3D" instance=ExtResource( 6 )]
transform = Transform( 0.448074, 0, -0.893996, 0, 1, 0, 0.893996, 0, 0.448074, 12.1343, 1.05484, 6.03755 )

[node name="grass156" parent="Spatial/Scatter3D" instance=ExtResource( 6 )]
transform = Transform( -0.999134, 0, 0.0416113, 0, 1, 0, -0.0416113, 0, -0.999134, 12.1343, 1.05484, 6.03755 )

[node name="grass157" parent="Spatial/Scatter3D" instance=ExtResource( 6 )]
transform = Transform( 0.730567, 0, 0.682841, 0, 1, 0, -0.682841, 0, 0.730567, 12.1529, 1.05175, 6.0811 )

[node name="grass158" parent="Spatial/Scatter3D" instance=ExtResource( 6 )]
transform = Transform( -0.949746, 0, 0.313023, 0, 1, 0, -0.313023, 0, -0.949746, 12.2501, 0.722648, 2.3944 )

[node name="grass159" parent="Spatial/Scatter3D" instance=ExtResource( 6 )]
transform = Transform( 0.155274, 0, 0.987871, 0, 1, 0, -0.987871, 0, 0.155274, 12.1483, 0.750065, 2.28847 )

[node name="grass160" parent="Spatial/Scatter3D" instance=ExtResource( 6 )]
transform = Transform( -0.106942, 0, -0.994265, 0, 1, 0, 0.994265, 0, -0.106942, 11.9919, 0.785111, 2.06224 )

[node name="grass161" parent="Spatial/Scatter3D" instance=ExtResource( 6 )]
transform = Transform( -0.210118, 0, -0.977676, 0, 1, 0, 0.977676, 0, -0.210118, 11.8898, 0.812601, 1.95596 )

[node name="grass162" parent="Spatial/Scatter3D" instance=ExtResource( 6 )]
transform = Transform( 0.999845, 0, 0.0176023, 0, 1, 0, -0.0176023, 0, 0.999845, 11.8717, 0.815127, 1.91594 )

[node name="grass163" parent="Spatial/Scatter3D" instance=ExtResource( 6 )]
transform = Transform( -0.356486, 0, 0.934301, 0, 1, 0, -0.934301, 0, -0.356486, 11.8535, 0.817651, 1.87593 )

[node name="grass164" parent="Spatial/Scatter3D" instance=ExtResource( 6 )]
transform = Transform( 0.835806, 0, 0.549025, 0, 1, 0, -0.549025, 0, 0.835806, 11.8535, 0.817651, 1.87593 )

[node name="grass165" parent="Spatial/Scatter3D" instance=ExtResource( 6 )]
transform = Transform( 0.334573, 0, -0.94237, 0, 1, 0, 0.94237, 0, 0.334573, 11.8833, 0.80027, 1.82239 )

[node name="grass166" parent="Spatial/Scatter3D" instance=ExtResource( 6 )]
transform = Transform( 0.327056, 0, -0.945005, 0, 1, 0, 0.945005, 0, 0.327056, 11.9425, 0.765672, 1.71581 )

[node name="grass167" parent="Spatial/Scatter3D" instance=ExtResource( 6 )]
transform = Transform( -0.742899, 0, -0.669404, 0, 1, 0, 0.669404, 0, -0.742899, 12.0373, 0.726235, 1.68919 )

[node name="grass168" parent="Spatial/Scatter3D" instance=ExtResource( 6 )]
transform = Transform( -0.999992, 0, 0.00389232, 0, 1, 0, -0.00389232, 0, -0.999992, 12.0956, 0.69206, 1.58363 )

[node name="grass169" parent="Spatial/Scatter3D" instance=ExtResource( 6 )]
transform = Transform( -0.811078, 0, -0.584938, 0, 1, 0, 0.584938, 0, -0.811078, 12.1247, 0.675052, 1.5311 )

[node name="grass170" parent="Spatial/Scatter3D" instance=ExtResource( 6 )]
transform = Transform( -0.963745, 0, 0.266823, 0, 1, 0, -0.266823, 0, -0.963745, 12.3114, 0.59745, 1.47938 )

[node name="grass171" parent="Spatial/Scatter3D" instance=ExtResource( 6 )]
transform = Transform( 0.931332, 0, -0.364172, 0, 1, 0, 0.364172, 0, 0.931332, 12.3724, 0.60162, 1.72828 )

[node name="grass172" parent="Spatial/Scatter3D" instance=ExtResource( 6 )]
transform = Transform( -0.594265, 0, -0.804269, 0, 1, 0, 0.804269, 0, -0.594265, 12.3079, 0.623523, 1.70209 )

[node name="grass173" parent="Spatial/Scatter3D" instance=ExtResource( 6 )]
transform = Transform( 0.630385, 0, 0.776282, 0, 1, 0, -0.776282, 0, 0.630385, 12.2433, 0.645477, 1.67585 )

[node name="grass174" parent="Spatial/Scatter3D" instance=ExtResource( 6 )]
transform = Transform( -0.957, 0, 0.290089, 0, 1, 0, -0.290089, 0, -0.957, 12.1965, 0.664958, 1.68905 )

[node name="grass175" parent="Spatial/Scatter3D" instance=ExtResource( 6 )]
transform = Transform( 0.182697, 0, -0.983169, 0, 1, 0, 0.983169, 0, 0.182697, 12.1965, 0.664958, 1.68905 )

[node name="grass176" parent="Spatial/Scatter3D" instance=ExtResource( 6 )]
transform = Transform( 0.0215612, 0, -0.999768, 0, 1, 0, 0.999768, 0, 0.0215612, 12.1785, 0.667482, 1.64954 )

[node name="grass177" parent="Spatial/Scatter3D" instance=ExtResource( 6 )]
transform = Transform( -0.874843, 0, 0.484407, 0, 1, 0, -0.484407, 0, -0.874843, 12.1785, 0.667482, 1.64954 )

[node name="grass178" parent="Spatial/Scatter3D" instance=ExtResource( 6 )]
transform = Transform( 0.742004, 0, 0.670395, 0, 1, 0, -0.670395, 0, 0.742004, 12.2254, 0.648003, 1.63639 )

[node name="grass179" parent="Spatial/Scatter3D" instance=ExtResource( 6 )]
transform = Transform( -0.343333, 0, -0.939214, 0, 1, 0, 0.939214, 0, -0.343333, 12.2541, 0.631102, 1.58389 )

[node name="grass180" parent="Spatial/Scatter3D" instance=ExtResource( 6 )]
transform = Transform( -0.190302, 0, -0.981726, 0, 1, 0, 0.981726, 0, -0.190302, 12.3007, 0.611727, 1.57087 )

[node name="grass181" parent="Spatial/Scatter3D" instance=ExtResource( 6 )]
transform = Transform( 0.724094, 0, -0.689702, 0, 1, 0, 0.689702, 0, 0.724094, 12.3545, 0.604149, 1.68891 )

[node name="grass182" parent="Spatial/Scatter3D" instance=ExtResource( 6 )]
transform = Transform( -0.579086, 0, -0.815266, 0, 1, 0, 0.815266, 0, -0.579086, 12.3366, 0.606674, 1.64955 )

[node name="grass183" parent="Spatial/Scatter3D" instance=ExtResource( 6 )]
transform = Transform( -0.87476, 0, 0.484556, 0, 1, 0, -0.484556, 0, -0.87476, 12.3187, 0.6092, 1.6102 )

[node name="grass184" parent="Spatial/Scatter3D" instance=ExtResource( 6 )]
transform = Transform( -0.962749, 0, 0.270397, 0, 1, 0, -0.270397, 0, -0.962749, 12.3007, 0.611727, 1.57087 )

[node name="grass185" parent="Spatial/Scatter3D" instance=ExtResource( 6 )]
transform = Transform( 0.733801, 0, -0.679365, 0, 1, 0, 0.679365, 0, 0.733801, 12.3007, 0.611727, 1.57087 )

[node name="grass186" parent="Spatial/Scatter3D" instance=ExtResource( 6 )]
transform = Transform( 0.0877441, 0, -0.996143, 0, 1, 0, 0.996143, 0, 0.0877441, 12.3293, 0.594927, 1.51862 )

[node name="grass187" parent="Spatial/Scatter3D" instance=ExtResource( 6 )]
transform = Transform( -0.43479, 0, -0.900532, 0, 1, 0, 0.900532, 0, -0.43479, 12.29, 0.626049, 1.66268 )

[node name="grass188" parent="Spatial/Scatter3D" instance=ExtResource( 6 )]
transform = Transform( -0.865758, 0, -0.500462, 0, 1, 0, 0.500462, 0, -0.865758, 12.2362, 0.633624, 1.54452 )

[node name="grass189" parent="Spatial/Scatter3D" instance=ExtResource( 6 )]
transform = Transform( 0.926686, 0, 0.375838, 0, 1, 0, -0.375838, 0, 0.926686, 12.053, 0.68513, 1.37339 )

[node name="grass190" parent="Spatial/Scatter3D" instance=ExtResource( 6 )]
transform = Transform( -0.61361, 0, -0.789609, 0, 1, 0, 0.789609, 0, -0.61361, 11.9522, 0.712208, 1.2679 )

[node name="grass191" parent="Spatial/Scatter3D" instance=ExtResource( 6 )]
transform = Transform( 0.934592, 0, 0.355721, 0, 1, 0, -0.355721, 0, 0.934592, 11.8806, 0.722256, 1.1104 )

[node name="grass192" parent="Spatial/Scatter3D" instance=ExtResource( 6 )]
transform = Transform( -0.856292, 0, -0.516492, 0, 1, 0, 0.516492, 0, -0.856292, 11.8627, 0.724768, 1.07107 )

[node name="grass193" parent="Spatial/Scatter3D" instance=ExtResource( 6 )]
transform = Transform( 0.108851, 0, -0.994058, 0, 1, 0, 0.994058, 0, 0.108851, 11.8449, 0.727277, 1.03175 )

[node name="grass194" parent="Spatial/Scatter3D" instance=ExtResource( 6 )]
transform = Transform( -0.165661, 0, 0.986183, 0, 1, 0, -0.986183, 0, -0.165661, 11.8742, 0.710259, 0.980199 )

[node name="grass195" parent="Spatial/Scatter3D" instance=ExtResource( 6 )]
transform = Transform( -0.00532057, 0, 0.999986, 0, 1, 0, -0.999986, 0, -0.00532057, 11.8564, 0.712767, 0.940964 )

[node name="grass196" parent="Spatial/Scatter3D" instance=ExtResource( 6 )]
transform = Transform( 0.789093, 0, 0.614274, 0, 1, 0, -0.614274, 0, 0.789093, 11.9326, 0.676382, 0.87757 )

[node name="grass197" parent="Spatial/Scatter3D" instance=ExtResource( 6 )]
transform = Transform( -0.261229, 0, -0.965277, 0, 1, 0, 0.965277, 0, -0.261229, 12.0085, 0.640205, 0.814537 )

[node name="grass198" parent="Spatial/Scatter3D" instance=ExtResource( 6 )]
transform = Transform( 0.967756, 0, -0.251891, 0, 1, 0, 0.251891, 0, 0.967756, 12.0662, 0.606738, 0.713012 )

[node name="grass199" parent="Spatial/Scatter3D" instance=ExtResource( 6 )]
transform = Transform( 0.887508, 0, -0.460792, 0, 1, 0, 0.460792, 0, 0.887508, 12.0949, 0.590083, 0.66248 )

[node name="grass200" parent="Spatial/Scatter3D" instance=ExtResource( 6 )]
transform = Transform( 0.936656, 0, -0.35025, 0, 1, 0, 0.35025, 0, 0.936656, 12.1412, 0.570972, 0.650812 )

[node name="grass201" parent="Spatial/Scatter3D" instance=ExtResource( 6 )]
transform = Transform( 0.985356, 0, 0.170507, 0, 1, 0, -0.170507, 0, 0.985356, 12.2158, 0.535405, 0.588964 )

[node name="grass202" parent="Spatial/Scatter3D" instance=ExtResource( 6 )]
transform = Transform( 1, 0, 0.000736449, 0, 1, 0, -0.000736449, 0, 1, 12.3438, 0.618468, 1.78097 )

[node name="grass203" parent="Spatial/Scatter3D" instance=ExtResource( 6 )]
transform = Transform( 0.987058, 0, 0.160364, 0, 1, 0, -0.160364, 0, 0.987058, 12.0956, 0.69206, 1.58363 )

[node name="grass204" parent="Spatial/Scatter3D" instance=ExtResource( 6 )]
transform = Transform( 0.613037, 0, -0.790054, 0, 1, 0, 0.790054, 0, 0.613037, 11.9767, 0.721726, 1.43853 )

[node name="grass205" parent="Spatial/Scatter3D" instance=ExtResource( 6 )]
transform = Transform( 0.424069, 0, 0.90563, 0, 1, 0, -0.90563, 0, 0.424069, 11.8333, 0.741835, 1.12285 )

[node name="grass206" parent="Spatial/Scatter3D" instance=ExtResource( 6 )]
transform = Transform( 0.999735, 0, -0.0230326, 0, 1, 0, 0.0230326, 0, 0.999735, 11.7975, 0.746851, 1.04408 )

[node name="grass207" parent="Spatial/Scatter3D" instance=ExtResource( 6 )]
transform = Transform( -0.965743, 0, 0.259502, 0, 1, 0, -0.259502, 0, -0.965743, 11.7439, 0.754372, 0.926051 )

[node name="grass208" parent="Spatial/Scatter3D" instance=ExtResource( 6 )]
transform = Transform( 0.0321931, 0, -0.999482, 0, 1, 0, 0.999482, 0, 0.0321931, 11.7082, 0.75938, 0.84744 )

[node name="grass209" parent="Spatial/Scatter3D" instance=ExtResource( 6 )]
transform = Transform( 0.144265, 0, -0.989539, 0, 1, 0, 0.989539, 0, 0.144265, 11.7378, 0.742308, 0.796153 )

